2452143.36288    0.71958    0.00262
2452143.36715    0.73001    0.00200
2452143.37354    0.72598    0.00157
2452143.37993    0.72600    0.00182
2452143.38561    0.72415    0.00179
2452143.39203    0.73291    0.00155
2452143.39843    0.73925    0.00173
2452143.40412    0.73610    0.00172
2452143.41059    0.73139    0.00152
2452143.41701    0.73904    0.00174
2452143.42269    0.72350    0.00177
2452143.42909    0.69670    0.00158
2452143.43549    0.69944    0.00175
2452143.44119    0.65400    0.00175
2452143.44759    0.65996    0.00148
2452143.45399    0.64329    0.00166
2452143.46040    0.64569    0.00141
2452143.46680    0.65003    0.00161
2452143.47249    0.66225    0.00155
2452143.47889    0.67574    0.00144
2452143.48531    0.69448    0.00161
2452143.49099    0.69569    0.00164
2452143.49738    0.72239    0.00159
2452143.50355    0.73314    0.00207
2452143.50949    0.73820    0.00185
2452143.51591    0.72401    0.00165
2452143.52230    0.71312    0.00182
2452143.52796    0.73907    0.00215
2452143.53430    0.71570    0.00187
2452143.54065    0.73943    0.00197
2452143.54701    0.71281    0.00167
2452143.55335    0.71056    0.00189
2452143.55899    0.71380    0.00202
2452143.56533    0.69713    0.00169
2452143.57167    0.69717    0.00186
2452143.57801    0.68562    0.00157
2452143.58435    0.67643    0.00166
2452143.59001    0.67852    0.00167
2452143.59635    0.70468    0.00154
2452143.60270    0.69647    0.00181
2452143.60907    0.69507    0.00152
2452143.61542    0.70055    0.00174
2452143.62105    0.70192    0.00170
2452143.62741    0.71068    0.00164
2452143.63376    0.72284    0.00184
2452143.64010    0.72663    0.00165
2452143.64644    0.73502    0.00186
2452143.65207    0.73055    0.00182
2452143.65770    0.73008    0.00178
