2452151.37157    0.56673    0.00150
2452151.37796    0.56821    0.00167
2452151.38367    0.55191    0.00161
2452151.39006    0.54022    0.00140
2452151.39645    0.55147    0.00153
2452151.40213    0.55141    0.00157
2452151.40853    0.54350    0.00138
2452151.41494    0.53150    0.00160
2452151.42065    0.51853    0.00159
2452151.42708    0.50236    0.00143
2452151.43347    0.48921    0.00180
2452151.43916    0.47233    0.00152
2452151.44556    0.47516    0.00125
2452151.45194    0.47014    0.00136
2452151.45834    0.48437    0.00129
2452151.46473    0.48590    0.00139
2452151.47042    0.49976    0.00146
2452151.47684    0.50010    0.00129
2452151.48323    0.51779    0.00158
2452151.48891    0.53837    0.00165
2452151.49534    0.54467    0.00146
2452151.50104    0.54013    0.00186
