2452160.38613    0.10678    0.00106
2452160.39251    0.09773    0.00098
2452160.39883    0.10211    0.00100
2452160.40444    0.10183    0.00102
2452160.41076    0.10103    0.00138
2452160.41708    0.09496    0.00111
2452160.42341    0.08534    0.00103
2452160.42970    0.06983    0.00105
2452160.43599    0.06509    0.00096
2452160.44227    0.04729    0.00093
2452160.44787    0.05281    0.00086
2452160.45416    0.05518    0.00079
2452160.46044    0.06097    0.00088
2452160.46672    0.08619    0.00078
2452160.47302    0.08149    0.00087
2452160.47932    0.07951    0.00083
2452160.48560    0.09474    0.00091
2452160.49118    0.12611    0.00097
2452160.49746    0.12311    0.00085
2452160.50373    0.09935    0.00096
2452160.51004    0.10177    0.00087
2452160.51633    0.11052    0.00104
2452160.52262    0.11837    0.00098
2452160.52893    0.11357    0.00109
2452160.53521    0.11255    0.00101
2452160.54148    0.10343    0.00109
2452160.54708    0.10249    0.00107
2452160.55335    0.09479    0.00088
2452160.55963    0.10330    0.00107
2452160.56591    0.10436    0.00093
2452160.57219    0.10817    0.00109
2452160.57849    0.10438    0.00096
2452160.58478    0.09436    0.00107
2452160.59041    0.09485    0.00111
2452160.59673    0.13316    0.00107
2452160.60302    0.13103    0.00122
2452160.60932    0.11245    0.00100
2452160.61561    0.11599    0.00109
2452160.62260    0.12775    0.00108
2452160.62624    0.12440    0.00250
2452160.63394    0.12860    0.00121
2452160.64023    0.12804    0.00101
2452160.64581    0.13320    0.00139
2452160.65488    0.16485    0.00177
2452160.65907    0.16194    0.00130
2452160.66536    0.15941    0.00124
2452160.67164    0.16893    0.00146
2452160.67725    0.20460    0.00159
2452160.68352    0.22835    0.00159
2452160.68981    0.31089    0.00312
