2452168.38545   -0.07993    0.00146
2452168.39043   -0.09215    0.00073
2452168.39684   -0.08955    0.00084
2452168.40252   -0.08848    0.00097
2452168.40891   -0.08805    0.00082
2452168.41530   -0.09223    0.00097
2452168.42099   -0.10251    0.00094
2452168.42737   -0.11817    0.00086
2452168.43377   -0.11785    0.00089
2452168.44017   -0.11167    0.00079
2452168.44660   -0.12393    0.00080
2452168.45231   -0.11221    0.00080
2452168.45871   -0.10867    0.00071
2452168.46512   -0.10193    0.00081
2452168.47080   -0.10086    0.00086
2452168.47720   -0.10145    0.00077
2452168.48361   -0.09716    0.00099
2452168.48931   -0.09194    0.00090
2452168.49573   -0.08486    0.00080
2452168.50211   -0.09770    0.00081
2452168.50843   -0.10384    0.00067
2452168.51474   -0.09837    0.00081
2452168.52039   -0.09884    0.00080
2452168.52671   -0.10020    0.00076
2452168.53302   -0.10620    0.00086
2452168.53931   -0.10415    0.00077
2452168.54561   -0.07842    0.00096
2452168.55122   -0.08284    0.00095
2452168.55749   -0.09353    0.00077
2452168.56378   -0.10622    0.00084
2452168.57006   -0.11469    0.00074
2452168.57637   -0.12307    0.00080
2452168.58265   -0.09587    0.00084
2452168.58895   -0.08772    0.00099
2452168.59526   -0.09133    0.00084
2452168.60154   -0.09851    0.00087
2452168.60712   -0.09191    0.00086
2452168.61341   -0.08438    0.00080
2452168.61971   -0.07043    0.00097
2452168.62602   -0.07127    0.00091
2452168.63229   -0.06264    0.00093
2452168.63856   -0.04928    0.00095
2452168.64553   -0.04686    0.00128
2452168.65020   -0.05500    0.00124
2452168.65673   -0.02927    0.00103
2452168.66301    0.04112    0.00141
2452168.66790    0.08405    0.00243
