2452172.34463   -0.12130    0.00180
2452172.35305   -0.06865    0.00107
2452172.35798   -0.12131    0.00081
2452172.36220   -0.11994    0.00124
2452172.37059   -0.11085    0.00087
2452172.37687   -0.11882    0.00076
2452172.38320   -0.10526    0.00110
2452172.38954   -0.11616    0.00083
2452172.39586   -0.10269    0.00093
2452172.40148   -0.11660    0.00092
2452172.40780   -0.12893    0.00078
2452172.41416   -0.14006    0.00081
2452172.42050   -0.14525    0.00071
2452172.42684   -0.14436    0.00079
2452172.43248   -0.14478    0.00080
2452172.43883   -0.14226    0.00075
2452172.44521   -0.12747    0.00080
2452172.45155   -0.12383    0.00080
2452172.45790   -0.11392    0.00085
2452172.46351   -0.11353    0.00087
2452172.46983   -0.12444    0.00071
2452172.47619   -0.11804    0.00080
2452172.48248   -0.12018    0.00069
2452172.48737   -0.05690    0.00127
2452172.54727   -0.07640    0.00190
2452172.55079   -0.08260    0.00113
2452172.55642   -0.08225    0.00094
2452172.56277   -0.08414    0.00085
2452172.56841   -0.08655    0.00127
