2452169.35153   -0.09950    0.00170
2452169.36568   -0.08400    0.00170
2452169.36993   -0.09356    0.00074
2452169.37633   -0.10421    0.00084
2452169.38203   -0.11498    0.00086
2452169.38844   -0.11214    0.00080
2452169.39485   -0.10498    0.00125
2452169.40055   -0.11160    0.00090
2452169.40689   -0.12054    0.00085
2452169.41318   -0.12670    0.00084
2452169.41950   -0.13635    0.00077
2452169.42582   -0.12743    0.00081
2452169.43210   -0.12173    0.00068
2452169.43840   -0.12739    0.00076
2452169.44400   -0.12790    0.00075
2452169.45030   -0.12529    0.00066
2452169.45662   -0.12214    0.00077
2452169.46292   -0.12260    0.00067
2452169.46922   -0.11602    0.00077
2452169.47552   -0.11008    0.00074
2452169.48183   -0.10805    0.00081
2452169.48743   -0.10812    0.00081
2452169.49372   -0.10295    0.00078
2452169.50002   -0.09824    0.00082
2452169.50632   -0.10057    0.00075
2452169.51266   -0.10774    0.00082
2452169.51895   -0.10655    0.00074
2452169.52525   -0.09655    0.00090
2452169.53084   -0.10014    0.00087
2452169.53715   -0.10148    0.00077
2452169.54345   -0.11150    0.00082
2452169.54975   -0.11696    0.00070
2452169.55605   -0.12450    0.00078
2452169.56236   -0.09817    0.00078
2452169.56870   -0.09080    0.00086
2452169.57431   -0.09536    0.00091
2452169.58064   -0.10544    0.00080
2452169.58693   -0.10630    0.00085
2452169.59323   -0.08115    0.00082
2452169.59952   -0.08381    0.00089
2452169.60581   -0.09030    0.00072
2452169.61140   -0.08629    0.00100
