2452183.36537   -0.16820    0.00160
2452183.36955   -0.17473    0.00077
2452183.37583   -0.18740    0.00102
2452183.38210   -0.18740    0.00090
2452183.38838   -0.21009    0.00101
2452183.39397   -0.17468    0.00090
2452183.40026   -0.18928    0.00083
2452183.40653   -0.17849    0.00081
2452183.41213   -0.17986    0.00088
2452183.42722   -0.19499    0.00124
2452183.43141   -0.18844    0.00096
2452183.43771   -0.17974    0.00082
2452183.44402   -0.20774    0.00086
2452183.45033   -0.22162    0.00077
2452183.45663   -0.19298    0.00087
2452183.46222   -0.20141    0.00087
2452183.46853   -0.22503    0.00076
2452183.47482   -0.21014    0.00097
2452183.48110   -0.18789    0.00083
2452183.48739   -0.16548    0.00097
2452183.49368   -0.13866    0.00089
2452183.49995   -0.15071    0.00092
2452183.50554   -0.16013    0.00087
2452183.50905   -0.16430    0.00180
