2452195.33726   -0.15180    0.00190
2452195.34151   -0.18295    0.00078
2452195.34785   -0.17572    0.00091
2452195.35419   -0.18509    0.00082
2452195.36048   -0.19682    0.00089
2452195.36679   -0.18639    0.00086
2452195.37310   -0.18552    0.00102
2452195.37869   -0.16338    0.00088
2452195.38499   -0.17382    0.00077
2452195.39129   -0.15843    0.00085
2452195.39756   -0.16849    0.00073
2452195.40384   -0.18973    0.00077
2452195.41011   -0.14663    0.00073
2452195.41639   -0.17365    0.00084
2452195.42197   -0.19465    0.00082
2452195.42824   -0.19360    0.00078
2452195.43454   -0.19045    0.00090
2452195.44081   -0.19400    0.00080
2452195.44709   -0.19348    0.00090
2452195.45336   -0.18463    0.00080
2452195.45965   -0.17988    0.00091
2452195.46594   -0.17308    0.00092
2452195.47221   -0.15483    0.00095
2452195.47780   -0.13983    0.00095
2452195.48409   -0.12312    0.00085
2452195.49036   -0.12213    0.00087
2452195.49666   -0.13358    0.00074
2452195.50293   -0.15835    0.00081
2452195.50920   -0.18222    0.00079
2452195.51548   -0.20272    0.00082
2452195.52177   -0.16335    0.00090
2452195.52804   -0.15279    0.00098
2452195.53363   -0.14570    0.00093
2452195.53991   -0.15869    0.00079
2452195.54618   -0.16278    0.00101
2452195.55246   -0.13957    0.00093
2452195.55873   -0.15132    0.00101
2452195.56500   -0.13159    0.00092
2452195.57128   -0.13991    0.00097
2452195.57755   -0.14248    0.00093
2452195.58385   -0.11031    0.00113
2452195.58944   -0.04074    0.00144
2452195.59571    0.05023    0.00261
