2452120.40295    0.77258    0.00194
2452120.40853    0.80757    0.00231
2452120.41177    0.75260    0.00350
2452120.44710    0.76965    0.00278
2452120.45208    0.78992    0.00181
2452120.45627    0.78360    0.00420
2452120.47671    0.77590    0.00390
2452120.48272    0.77402    0.00190
2452120.48905    0.76410    0.00165
2452120.49538    0.78194    0.00197
2452120.50167    0.77492    0.00169
2452120.50799    0.77795    0.00195
2452120.51359    0.78495    0.00208
2452120.51989    0.78788    0.00178
2452120.52620    0.80027    0.00195
2452120.53252    0.80162    0.00177
2452120.53883    0.80696    0.00199
2452120.54513    0.80319    0.00174
2452120.55143    0.80480    0.00192
2452120.55705    0.79123    0.00181
2452120.56334    0.76515    0.00176
2452120.56965    0.74947    0.00166
2452120.57598    0.76814    0.00150
2452120.58228    0.78348    0.00172
2452120.58855    0.77805    0.00161
2452120.59484    0.78989    0.00187
2452120.60044    0.78987    0.00210
2452120.60674    0.77969    0.00158
2452120.61303    0.78221    0.00182
2452120.61935    0.78062    0.00163
2452120.62565    0.78198    0.00177
2452120.63193    0.78116    0.00158
2452120.63610    0.78580    0.00350
