2452170.36986   -0.10510    0.00120
2452170.37408   -0.09559    0.00088
2452170.38042   -0.09438    0.00079
2452170.38676   -0.09881    0.00090
2452170.39312   -0.10733    0.00082
2452170.39947   -0.11530    0.00093
2452170.40513   -0.12059    0.00096
2452170.41148   -0.11912    0.00080
2452170.41781   -0.12210    0.00087
2452170.42417   -0.12949    0.00075
2452170.43051   -0.12453    0.00083
2452170.43614   -0.11671    0.00079
2452170.44248   -0.11713    0.00072
2452170.44881   -0.11694    0.00084
2452170.45514   -0.12091    0.00074
2452170.46148   -0.12214    0.00076
2452170.46711   -0.10427    0.00072
2452170.47345   -0.08825    0.00068
2452170.47979   -0.05386    0.00075
2452170.48614   -0.08876    0.00069
2452170.49247   -0.09011    0.00077
2452170.49811   -0.09418    0.00079
2452170.50443   -0.08703    0.00071
2452170.51075   -0.10180    0.00085
2452170.51712   -0.09097    0.00075
2452170.52349   -0.08950    0.00084
2452170.52913   -0.09012    0.00082
2452170.53547   -0.10752    0.00072
2452170.54181   -0.10722    0.00083
2452170.54811   -0.10366    0.00085
2452170.55441   -0.10938    0.00084
2452170.56004   -0.10403    0.00082
2452170.56638   -0.09580    0.00074
2452170.57271   -0.09137    0.00085
2452170.57905   -0.08171    0.00078
2452170.58541   -0.06443    0.00085
2452170.59104   -0.05859    0.00089
2452170.59738   -0.07467    0.00081
2452170.60374   -0.08140    0.00085
2452170.61008   -0.08523    0.00075
2452170.61642   -0.08953    0.00091
2452170.62205   -0.06265    0.00104
2452170.62838   -0.06692    0.00087
2452170.63474   -0.07110    0.00102
2452170.64109   -0.05798    0.00090
2452170.64745    0.04180    0.00124
2452170.65309    0.01642    0.00130
2452170.65942    0.09657    0.00135
