2452146.41147    0.67017    0.00156
2452146.41778    0.66016    0.00178
2452146.42343    0.65070    0.00169
2452146.42981    0.64881    0.00143
2452146.43614    0.65623    0.00167
2452146.44243    0.64579    0.00157
2452146.44875    0.58767    0.00161
2452146.45435    0.58825    0.00156
2452146.46066    0.57438    0.00137
2452146.46700    0.58250    0.00145
2452146.47330    0.59416    0.00137
2452146.47962    0.60652    0.00152
2452146.48593    0.61948    0.00139
2452146.49223    0.63922    0.00158
2452146.49784    0.63259    0.00162
2452146.50415    0.66717    0.00144
2452146.51046    0.67196    0.00167
2452146.51676    0.67289    0.00167
2452146.52308    0.66572    0.00172
2452146.52943    0.66246    0.00160
2452146.53576    0.66108    0.00172
2452146.54140    0.68871    0.00176
2452146.54773    0.68020    0.00163
2452146.55403    0.67221    0.00172
2452146.56034    0.61722    0.00141
2452146.56666    0.65814    0.00174
2452146.57229    0.65169    0.00171
2452146.57859    0.64607    0.00145
2452146.58488    0.63936    0.00157
2452146.59121    0.62915    0.00149
2452146.59751    0.62023    0.00155
2452146.60383    0.62582    0.00138
2452146.61015    0.61536    0.00156
2452146.61578    0.62694    0.00155
2452146.62209    0.61318    0.00130
2452146.62842    0.61181    0.00151
2452146.63470    0.61575    0.00138
2452146.64100    0.61675    0.00165
2452146.64663    0.63365    0.00171
2452146.65297    0.64431    0.00153
2452146.65930    0.65559    0.00171
2452146.66561    0.64987    0.00145
2452146.67193    0.65454    0.00157
2452146.67822    0.66722    0.00152
2452146.68454    0.68786    0.00175
2452146.69017    0.69468    0.00172
2452146.69652    0.71767    0.00190
2452146.70285    0.72613    0.00194
2452146.70916    0.70740    0.00400
