2452201.43817   -0.02100    0.00148
2452201.44166   -0.02079    0.00123
2452201.44867   -0.02662    0.00100
2452201.45497   -0.00227    0.00112
2452201.46127    0.01189    0.00102
2452201.46756   -0.01167    0.00107
2452201.47319   -0.02042    0.00110
2452201.47947   -0.02509    0.00106
2452201.48576   -0.01097    0.00128
2452201.49207   -0.00749    0.00109
2452201.49838   -0.00971    0.00116
2452201.50465   -0.03939    0.00092
2452201.51094    0.00644    0.00122
2452201.51724    0.03660    0.00111
2452201.52353    0.04717    0.00117
2452201.52911    0.07087    0.00114
2452201.53538    0.12270    0.00138
2452201.54165    0.20186    0.00157
2452201.54792    0.28442    0.00175
