2452148.36468    0.52360    0.00300
2452148.37169    0.52529    0.00181
2452148.37660    0.51148    0.00154
2452148.38290    0.50871    0.00131
2452148.38920    0.51027    0.00142
2452148.39549    0.50629    0.00130
2452148.40176    0.50133    0.00147
2452148.40806    0.50395    0.00123
2452148.41434    0.50265    0.00146
2452148.41992    0.49428    0.00150
2452148.42623    0.48918    0.00137
2452148.43251    0.46870    0.00172
2452148.43881    0.45646    0.00132
2452148.44509    0.44947    0.00144
2452148.45139    0.44624    0.00124
2452148.45768    0.44538    0.00143
2452148.46325    0.43630    0.00128
2452148.46954    0.45150    0.00112
2452148.47581    0.46914    0.00129
2452148.48209    0.46071    0.00112
2452148.48837    0.48105    0.00135
2452148.49468    0.48843    0.00120
2452148.50097    0.49158    0.00141
2452148.50726    0.50076    0.00135
2452148.51357    0.48995    0.00147
2452148.51915    0.49794    0.00146
2452148.52544    0.49228    0.00131
2452148.53173    0.49672    0.00147
2452148.53800    0.49985    0.00132
2452148.54429    0.49978    0.00152
2452148.55060    0.49283    0.00135
2452148.55688    0.51283    0.00160
2452148.56245    0.49770    0.00153
2452148.56872    0.49211    0.00131
2452148.57502    0.48006    0.00143
2452148.58132    0.47777    0.00127
2452148.58763    0.47353    0.00137
2452148.59392    0.47892    0.00128
2452148.60021    0.47595    0.00153
2452148.60578    0.47452    0.00151
2452148.61206    0.46854    0.00138
2452148.61834    0.49244    0.00185
2452148.62461    0.49456    0.00136
2452148.63088    0.49271    0.00157
2452148.63717    0.48761    0.00137
2452148.64345    0.46570    0.00144
2452148.64971    0.49929    0.00134
2452148.65599    0.49272    0.00157
2452148.66158    0.49283    0.00154
2452148.66857    0.48176    0.00139
2452148.67452    0.47514    0.00155
2452148.68077    0.50006    0.00136
2452148.68707    0.50906    0.00186
2452148.69276    0.52021    0.00157
2452148.69905    0.53081    0.00179
2452148.70538    0.54488    0.00167
2452148.71166    0.58506    0.00206
2452148.71768    0.60433    0.00230
2452148.72299    0.65490    0.00500
