2452153.44254    0.36023    0.00145
2452153.44825    0.32512    0.00153
2452153.45467    0.30880    0.00123
2452153.46107    0.31150    0.00133
2452153.46534    0.30555    0.00170
2452153.56213    0.39637    0.00230
2452153.56632    0.33518    0.00144
2452153.57194    0.34122    0.00145
2452153.57830    0.35130    0.00128
2452153.58464    0.35932    0.00157
2452153.59099    0.35674    0.00130
2452153.59733    0.36154    0.00157
2452153.60298    0.37235    0.00171
2452153.60935    0.39778    0.00179
2452153.61572    0.41061    0.00192
2452153.62206    0.42370    0.00166
2452153.62843    0.41239    0.00192
2452153.63411    0.40236    0.00176
2452153.64050    0.39014    0.00161
2452153.64686    0.42566    0.00199
2452153.65321    0.42688    0.00173
2452153.65955    0.43261    0.00207
2452153.66519    0.44920    0.00237
2452153.67153    0.47941    0.00209
2452153.67788    0.49117    0.00259
2452153.68423    0.51470    0.00229
2452153.69059    0.56352    0.00290
2452153.69623    0.58477    0.00359
