2452191.35633   -0.20098    0.00124
2452191.36132   -0.20096    0.00089
2452191.36776   -0.21212    0.00084
2452191.37418   -0.21292    0.00098
2452191.37987   -0.21428    0.00091
2452191.38627   -0.20159    0.00079
2452191.39267   -0.19839    0.00086
2452191.39836   -0.19444    0.00082
2452191.40476   -0.18718    0.00072
2452191.41116   -0.19450    0.00074
2452191.41685   -0.20832    0.00074
2452191.42325   -0.17786    0.00066
2452191.42965   -0.19190    0.00074
2452191.43595   -0.20968    0.00064
2452191.44225   -0.22514    0.00071
2452191.44783   -0.22536    0.00072
2452191.45368   -0.15461    0.00099
2452191.46043   -0.07715    0.00135
2452191.46674   -0.15614    0.00077
2452191.47306   -0.15749    0.00083
2452191.47935   -0.18447    0.00082
2452191.48563   -0.20213    0.00095
2452191.49122   -0.20712    0.00087
2452191.49751   -0.21634    0.00079
2452191.50379   -0.21678    0.00091
2452191.51008   -0.20825    0.00081
2452191.51635   -0.20850    0.00090
2452191.52264   -0.20997    0.00076
2452191.52893   -0.20690    0.00087
2452191.53382   -0.14854    0.00115
2452191.54152    0.09017    0.00192
2452191.55337   -0.17512    0.00091
2452191.55964   -0.19825    0.00095
2452191.56593   -0.19045    0.00095
2452191.57220   -0.18928    0.00097
2452191.57640   -0.08820    0.00270
2452191.59041   -0.18416    0.00130
2452191.59683   -0.11868    0.00139
2452191.60102   -0.09400    0.00330
