2452158.38322    0.17208    0.00166
2452158.38962    0.16454    0.00099
2452158.39603    0.15993    0.00172
2452158.40172    0.16386    0.00120
2452158.40812    0.17122    0.00104
2452158.41452    0.17180    0.00117
2452158.42093    0.17120    0.00116
2452158.42734    0.15692    0.00129
2452158.43299    0.13901    0.00128
2452158.43928    0.13398    0.00104
2452158.44558    0.12720    0.00113
2452158.45187    0.12986    0.00093
2452158.45816    0.13709    0.00107
2452158.46444    0.14006    0.00095
2452158.47072    0.16046    0.00109
2452158.47630    0.15174    0.00109
2452158.48261    0.16642    0.00102
2452158.48890    0.17978    0.00118
2452158.49526    0.16448    0.00098
2452158.50158    0.17587    0.00111
2452158.50717    0.18143    0.00115
2452158.51345    0.18680    0.00108
2452158.51973    0.18670    0.00115
2452158.52323    0.17540    0.00250
