2452165.34012    0.01358    0.00100
2452165.35869    0.00660    0.00141
2452165.36486    0.00468    0.00106
2452165.37078   -0.00094    0.00093
2452165.37718    0.00918    0.00091
2452165.38357    0.00713    0.00102
2452165.38928    0.00976    0.00106
2452165.39569   -0.00837    0.00101
2452165.40210   -0.01949    0.00101
2452165.40779   -0.02645    0.00093
2452165.41420   -0.02617    0.00088
2452165.42059   -0.03299    0.00093
2452165.42699   -0.02670    0.00078
2452165.43338   -0.02385    0.00085
2452165.43907   -0.02004    0.00082
2452165.44548   -0.00472    0.00078
2452165.45191   -0.01117    0.00091
2452165.45759    0.00127    0.00090
2452165.46401   -0.00196    0.00091
2452165.47041   -0.00137    0.00090
2452165.47610    0.00298    0.00088
2452165.48249    0.00424    0.00080
2452165.48890    0.01581    0.00086
2452165.49461   -0.00636    0.00086
2452165.50102    0.01242    0.00082
2452165.50742    0.00959    0.00091
2452165.51311    0.00344    0.00091
2452165.51952   -0.00854    0.00082
2452165.52593   -0.00591    0.00095
2452165.53233    0.01124    0.00088
2452165.53872   -0.00094    0.00092
2452165.54441    0.05153    0.00104
2452165.55080    0.03346    0.00088
2452165.55720    0.02584    0.00096
2452165.56288    0.02457    0.00093
2452165.56930    0.01529    0.00087
2452165.57570    0.01006    0.00099
2452165.58139    0.08066    0.00116
2452165.58565    0.14310    0.00260
2452165.65162    0.21245    0.00226
2452165.65580    0.21325    0.00151
2452165.66209    0.27593    0.00151
2452165.66840    0.32175    0.00207
2452165.67468    0.44160    0.00273
