2452149.46272    0.44697    0.00173
2452149.46761    0.40209    0.00134
2452149.47391    0.42340    0.00128
2452149.48020    0.42802    0.00129
2452149.48651    0.42505    0.00119
2452149.49282    0.44280    0.00137
2452149.49910    0.43067    0.00113
2452149.50537    0.44520    0.00156
2452149.51165    0.44950    0.00126
2452149.51794    0.45395    0.00143
2452149.52353    0.45607    0.00146
2452149.52980    0.43672    0.00130
2452149.53609    0.45407    0.00149
2452149.54238    0.46779    0.00137
2452149.54869    0.45357    0.00169
2452149.55497    0.47583    0.00143
2452149.56125    0.45892    0.00156
2452149.56683    0.45029    0.00156
2452149.57310    0.44617    0.00127
2452149.57938    0.44378    0.00142
2452149.58565    0.45017    0.00130
2452149.59195    0.44951    0.00141
2452149.59823    0.44409    0.00122
2452149.60451    0.44004    0.00132
2452149.61079    0.43580    0.00125
2452149.61708    0.43478    0.00144
2452149.62265    0.44473    0.00150
2452149.62892    0.42632    0.00136
2452149.63520    0.42683    0.00152
2452149.64147    0.43159    0.00141
2452149.64774    0.45266    0.00150
2452149.65402    0.44873    0.00131
2452149.66030    0.42949    0.00145
2452149.66660    0.42827    0.00134
2452149.67289    0.45547    0.00173
2452149.67847    0.46483    0.00150
2452149.68477    0.47451    0.00141
2452149.69106    0.48311    0.00166
2452149.69734    0.49799    0.00155
2452149.70362    0.49918    0.00187
2452149.70991    0.52569    0.00178
2452149.71618    0.54487    0.00216
