2452140.36657    0.70808    0.00178
2452140.37297    0.71845    0.00190
2452140.37868    0.70725    0.00188
2452140.38508    0.69191    0.00165
2452140.39147    0.68770    0.00179
2452140.39716    0.68380    0.00171
2452140.40355    0.68712    0.00160
2452140.40995    0.69270    0.00173
2452140.41561    0.68890    0.00165
2452140.42198    0.68185    0.00151
2452140.42830    0.67803    0.00181
2452140.43470    0.67974    0.00160
2452140.44111    0.67621    0.00182
2452140.44679    0.65377    0.00184
2452140.45317    0.64877    0.00166
2452140.45958    0.61658    0.00168
2452140.46527    0.63098    0.00166
2452140.47166    0.64232    0.00163
2452140.47798    0.62992    0.00154
2452140.48428    0.63812    0.00139
2452140.49058    0.65686    0.00167
2452140.49619    0.67936    0.00171
2452140.50250    0.67877    0.00151
2452140.50879    0.69248    0.00172
2452140.51508    0.69950    0.00158
2452140.52138    0.70604    0.00208
2452140.52488    0.70520    0.00360
