2452157.38588    0.09274    0.00107
2452157.39159    0.18471    0.00114
2452157.39798    0.18547    0.00097
2452157.40437    0.18198    0.00108
2452157.41006    0.18503    0.00114
2452157.41646    0.18399    0.00109
2452157.42285    0.18334    0.00122
2452157.42851    0.18002    0.00139
2452157.43489    0.16422    0.00124
2452157.44120    0.15759    0.00123
2452157.44760    0.14115    0.00099
2452157.45400    0.14267    0.00101
2452157.45969    0.14645    0.00105
2452157.46608    0.13655    0.00092
2452157.47244    0.14613    0.00102
2452157.47805    0.16048    0.00106
2452157.48435    0.15747    0.00093
2452157.49066    0.15876    0.00106
2452157.49695    0.16830    0.00102
2452157.50322    0.18005    0.00107
2452157.50950    0.18779    0.00103
2452157.51577    0.19244    0.00122
2452157.52205    0.19505    0.00116
