2452145.44556    0.59585    0.00262
2452145.45045    0.56736    0.00142
2452145.45674    0.55552    0.00163
2452145.46302    0.56087    0.00135
2452145.46931    0.56983    0.00158
2452145.47490    0.57657    0.00151
2452145.48120    0.58868    0.00137
2452145.48748    0.59502    0.00155
2452145.49376    0.59414    0.00137
2452145.50003    0.61530    0.00157
2452145.50632    0.61583    0.00142
2452145.51262    0.61690    0.00160
2452145.51820    0.62093    0.00167
2452145.52452    0.62796    0.00151
2452145.53080    0.63256    0.00166
2452145.53707    0.61839    0.00147
2452145.54334    0.59572    0.00152
2452145.54962    0.59597    0.00145
2452145.55590    0.58289    0.00159
2452145.56218    0.59841    0.00136
2452145.56847    0.60134    0.00150
2452145.57405    0.61130    0.00186
2452145.58032    0.61676    0.00147
2452145.58660    0.66417    0.00173
2452145.59288    0.66038    0.00152
2452145.59916    0.65081    0.00171
2452145.60546    0.65145    0.00161
2452145.61176    0.69313    0.00193
