2452138.55204    0.75716    0.00279
2452138.55623    0.77330    0.00209
2452138.56183    0.73256    0.00189
2452138.56813    0.72376    0.00168
2452138.57443    0.71197    0.00213
2452138.58074    0.72902    0.00170
2452138.58704    0.74376    0.00187
2452138.59331    0.76504    0.00173
2452138.59962    0.74499    0.00181
2452138.60523    0.74179    0.00182
2452138.61151    0.74130    0.00161
2452138.61785    0.74877    0.00186
2452138.62412    0.75614    0.00172
2452138.63040    0.76065    0.00194
2452138.63668    0.74452    0.00174
2452138.64296    0.73117    0.00185
2452138.64923    0.74578    0.00181
2452138.65552    0.75213    0.00192
2452138.66109    0.74534    0.00184
2452138.66737    0.74637    0.00158
2452138.67365    0.74636    0.00171
2452138.67994    0.74875    0.00158
2452138.68621    0.73536    0.00190
2452138.69251    0.75434    0.00174
2452138.69878    0.76705    0.00189
2452138.70436    0.78795    0.00204
2452138.71067    0.79117    0.00190
2452138.71558    0.80413    0.00295
