2452162.38350    0.10789    0.00131
2452162.39061    0.10050    0.00200
2452162.39487    0.11306    0.00093
2452162.40126    0.11960    0.00110
2452162.40696    0.11412    0.00115
2452162.41338    0.11329    0.00106
2452162.41979    0.10133    0.00120
2452162.42615    0.09638    0.00094
2452162.43254    0.08489    0.00101
2452162.43822    0.10184    0.00099
2452162.44461    0.09446    0.00094
2452162.45097    0.09974    0.00106
2452162.45661    0.10817    0.00097
2452162.46301    0.13428    0.00089
2452162.46932    0.12463    0.00102
2452162.47559    0.13656    0.00094
2452162.48185    0.14831    0.00104
2452162.48674    0.15437    0.00120
