2452171.34873   -0.09951    0.00089
2452171.36636   -0.11124    0.00079
2452171.37271   -0.11963    0.00085
2452171.37900   -0.11585    0.00084
2452171.38528   -0.12688    0.00088
2452171.39087   -0.11210    0.00093
2452171.39716   -0.12107    0.00082
2452171.40346   -0.13635    0.00094
2452171.40977   -0.13094    0.00078
2452171.41604   -0.12048    0.00084
2452171.42233   -0.10060    0.00070
2452171.42864   -0.05501    0.00079
2452171.43422   -0.06609    0.00076
2452171.44049   -0.10223    0.00068
2452171.44678   -0.13449    0.00076
2452171.45307   -0.12746    0.00067
2452171.45936   -0.11730    0.00077
2452171.46565   -0.12115    0.00071
2452171.47194   -0.12362    0.00076
2452171.47823   -0.12700    0.00068
2452171.48452   -0.12465    0.00075
2452171.49011   -0.11998    0.00090
2452171.49640   -0.11549    0.00071
2452171.50269   -0.11799    0.00082
2452171.50897   -0.10528    0.00074
2452171.51526   -0.10635    0.00084
2452171.52156   -0.11650    0.00073
2452171.52788   -0.12425    0.00080
2452171.53348   -0.12982    0.00079
2452171.53977   -0.12571    0.00073
2452171.54604   -0.09873    0.00097
2452171.55235   -0.08496    0.00080
2452171.55867   -0.08637    0.00090
2452171.56498   -0.08580    0.00080
2452171.57129   -0.08818    0.00090
2452171.57691   -0.09659    0.00089
2452171.58322   -0.09067    0.00081
2452171.58952   -0.07659    0.00096
2452171.59583   -0.05021    0.00088
2452171.60213   -0.05694    0.00091
2452171.60844   -0.05334    0.00089
2452171.61475   -0.01594    0.00120
2452171.62036   -0.00211    0.00112
2452171.62665    0.00085    0.00097
2452171.63296    0.03262    0.00120
2452171.63927    0.04933    0.00119
2452171.64556    0.07816    0.00145
2452171.65116    0.12976    0.00186
