2452161.48326    0.08275    0.00099
2452161.48966    0.08622    0.00094
2452161.49605    0.09112    0.00104
2452161.50173    0.08937    0.00106
2452161.50814    0.09198    0.00094
2452161.51449    0.07212    0.00110
2452161.52085    0.08732    0.00098
2452161.52715    0.10365    0.00117
2452161.53276    0.09778    0.00111
2452161.53910    0.08496    0.00099
2452161.54543    0.07510    0.00106
2452161.55178    0.06309    0.00091
2452161.55811    0.06646    0.00111
2452161.56441    0.07448    0.00096
2452161.57073    0.07541    0.00104
2452161.57636    0.07135    0.00097
2452161.58268    0.08066    0.00093
2452161.58899    0.09113    0.00111
2452161.59531    0.10900    0.00110
2452161.60163    0.12570    0.00124
2452161.60726    0.12514    0.00122
2452161.61358    0.12492    0.00103
2452161.62007    0.11918    0.00115
