2452136.58500    0.67591    0.00171
2452136.59065    0.69445    0.00167
2452136.59701    0.69516    0.00151
2452136.60330    0.70175    0.00174
2452136.60890    0.71485    0.00183
2452136.61517    0.72204    0.00165
2452136.62146    0.72160    0.00189
2452136.62775    0.73000    0.00173
2452136.63403    0.73737    0.00191
2452136.64031    0.73087    0.00171
2452136.64658    0.74562    0.00197
2452136.65285    0.75304    0.00181
2452136.65913    0.75024    0.00192
2452136.66470    0.76405    0.00194
2452136.67097    0.77689    0.00227
2452136.67725    0.79924    0.00213
2452136.68352    0.81629    0.00198
