2452121.48922    0.79350    0.00311
2452121.49341    0.77446    0.00200
2452121.49971    0.80342    0.00197
2452121.50601    0.78473    0.00210
2452121.51231    0.78135    0.00179
2452121.51862    0.77720    0.00197
2452121.52422    0.77584    0.00200
2452121.53052    0.76810    0.00176
2452121.53682    0.78556    0.00191
2452121.54313    0.79141    0.00178
2452121.54941    0.79057    0.00208
2452121.55573    0.78776    0.00173
2452121.56203    0.77928    0.00186
2452121.56763    0.78017    0.00193
2452121.57393    0.77825    0.00163
2452121.58025    0.77615    0.00192
2452121.58655    0.76465    0.00165
2452121.59286    0.76593    0.00174
2452121.59916    0.76501    0.00165
2452121.60549    0.76808    0.00184
2452121.61111    0.77514    0.00221
2452121.61741    0.77873    0.00176
2452121.62370    0.77052    0.00188
2452121.63001    0.76762    0.00165
2452121.63423    0.76710    0.00390
