2452147.37927    0.52822    0.00151
2452147.38487    0.52669    0.00147
2452147.39118    0.52314    0.00146
2452147.39749    0.50598    0.00166
2452147.40312    0.50518    0.00160
2452147.40944    0.49760    0.00144
2452147.41579    0.49473    0.00159
2452147.42209    0.50306    0.00151
2452147.42839    0.50546    0.00147
2452147.43398    0.48850    0.00157
2452147.44028    0.48766    0.00139
2452147.44658    0.47942    0.00162
2452147.45288    0.45974    0.00137
2452147.45921    0.46508    0.00138
2452147.46554    0.47596    0.00128
2452147.47184    0.46739    0.00133
2452147.47745    0.46220    0.00135
2452147.48380    0.49168    0.00119
2452147.49010    0.49619    0.00149
2452147.49640    0.51366    0.00140
2452147.50269    0.52712    0.00147
2452147.50899    0.53264    0.00142
2452147.51529    0.53524    0.00151
2452147.52088    0.52319    0.00151
2452147.52718    0.53327    0.00137
2452147.53347    0.53209    0.00156
2452147.53979    0.52431    0.00139
2452147.54612    0.53217    0.00158
2452147.55241    0.53489    0.00139
2452147.55872    0.53231    0.00152
2452147.56433    0.54464    0.00158
2452147.57062    0.54582    0.00142
2452147.57692    0.53295    0.00151
2452147.58322    0.51906    0.00130
2452147.58952    0.51444    0.00142
2452147.59584    0.51084    0.00131
2452147.60215    0.50584    0.00147
2452147.60775    0.54274    0.00157
2452147.61410    0.55894    0.00146
2452147.62041    0.56125    0.00169
2452147.62674    0.56318    0.00153
2452147.63305    0.56582    0.00175
2452147.63865    0.56140    0.00165
2452147.64497    0.53730    0.00151
2452147.65127    0.53500    0.00163
2452147.65758    0.55760    0.00152
2452147.66388    0.56345    0.00162
2452147.66954    0.55952    0.00162
2452147.67587    0.55442    0.00147
2452147.68220    0.57029    0.00162
2452147.68854    0.58576    0.00155
2452147.69485    0.60182    0.00191
2452147.70117    0.61158    0.00160
2452147.70747    0.60554    0.00185
2452147.71307    0.64450    0.00207
2452147.71939    0.66613    0.00226
