2452202.33772   -0.13697    0.00130
2452202.34199   -0.13686    0.00115
2452202.34767   -0.11693    0.00097
2452202.35407   -0.13443    0.00089
2452202.36050   -0.13214    0.00084
2452202.36618   -0.12984    0.00078
2452202.37260   -0.12935    0.00071
2452202.37899   -0.13357    0.00076
2452202.38465   -0.15052    0.00076
2452202.39103   -0.15546    0.00071
2452202.39733   -0.12810    0.00080
2452202.40366   -0.13499    0.00076
2452202.41006   -0.12976    0.00089
2452202.41575   -0.12516    0.00092
2452202.42215   -0.13646    0.00083
2452202.42856   -0.09550    0.00096
2452202.43426   -0.09360    0.00095
2452202.44067   -0.10117    0.00086
2452202.44707   -0.10919    0.00086
2452202.45275   -0.10259    0.00092
2452202.45915   -0.09506    0.00084
2452202.46557   -0.09991    0.00087
2452202.47198   -0.11536    0.00074
2452202.47837   -0.12472    0.00082
2452202.48397   -0.11129    0.00095
2452202.49027   -0.11698    0.00083
2452202.49659   -0.13018    0.00087
2452202.50290   -0.12518    0.00081
2452202.50922   -0.11827    0.00092
2452202.51483   -0.11419    0.00089
2452202.52112   -0.11735    0.00080
2452202.52742   -0.10728    0.00104
2452202.53372   -0.08233    0.00094
2452202.54002   -0.09511    0.00095
2452202.54631   -0.08829    0.00092
2452202.55050   -0.09630    0.00230
