2452159.38321    0.18997    0.00169
2452159.38810    0.18369    0.00098
2452159.39440    0.17512    0.00107
2452159.40000    0.17021    0.00106
2452159.40628    0.17571    0.00098
2452159.41255    0.17631    0.00115
2452159.41883    0.17169    0.00116
2452159.42511    0.15878    0.00117
2452159.43138    0.14556    0.00115
2452159.43766    0.13519    0.00112
2452159.44393    0.13817    0.00094
2452159.45025    0.12922    0.00106
2452159.45584    0.12795    0.00100
2452159.46212    0.14557    0.00092
2452159.46845    0.15100    0.00105
2452159.47475    0.15532    0.00100
2452159.48103    0.17812    0.00119
2452159.48730    0.17645    0.00103
2452159.49359    0.17385    0.00111
2452159.49920    0.18515    0.00119
2452159.50548    0.18556    0.00106
2452159.51152    0.18816    0.00135
2452159.51804    0.17171    0.00104
2452159.52294    0.17151    0.00175
