2452150.36924    0.47589    0.00216
2452150.37344    0.49602    0.00170
2452150.37904    0.48240    0.00169
2452150.38534    0.46839    0.00145
2452150.39164    0.46604    0.00162
2452150.39794    0.46197    0.00134
2452150.40425    0.45858    0.00148
2452150.41055    0.45708    0.00141
2452150.41684    0.45752    0.00173
2452150.42243    0.44371    0.00173
2452150.42874    0.44509    0.00156
2452150.43504    0.43140    0.00167
2452150.44133    0.42654    0.00140
2452150.44762    0.41878    0.00162
2452150.45389    0.41705    0.00140
2452150.46017    0.43263    0.00146
2452150.46644    0.43742    0.00126
2452150.47272    0.43737    0.00145
2452150.47830    0.44541    0.00146
2452150.48460    0.46176    0.00134
2452150.49092    0.44409    0.00144
2452150.49720    0.46006    0.00150
2452150.50348    0.47450    0.00157
2452150.50977    0.48136    0.00140
2452150.51605    0.48227    0.00175
2452150.52166    0.47927    0.00169
2452150.52797    0.50090    0.00152
2452150.53424    0.49462    0.00169
2452150.54052    0.49252    0.00145
2452150.54684    0.48774    0.00164
2452150.55311    0.51200    0.00159
2452150.55940    0.52331    0.00206
2452150.56497    0.53468    0.00187
2452150.57127    0.56690    0.00174
2452150.57757    0.57226    0.00189
2452150.58386    0.56740    0.00168
2452150.59014    0.56831    0.00192
2452150.59641    0.56711    0.00167
2452150.60270    0.58732    0.00193
2452150.60897    0.60977    0.00180
2452150.61524    0.61260    0.00215
2452150.62081    0.60513    0.00192
2452150.62709    0.61861    0.00179
2452150.63336    0.61841    0.00199
2452150.63963    0.60109    0.00165
2452150.64590    0.13871    0.00096
