2452188.39807   -0.18298    0.00113
2452188.40375   -0.18544    0.00071
2452188.41018   -0.20127    0.00080
2452188.41657   -0.19479    0.00075
2452188.42298   -0.21630    0.00084
2452188.42868   -0.21663    0.00087
2452188.43507   -0.17950    0.00080
2452188.44148   -0.16693    0.00094
2452188.44721   -0.14987    0.00100
2452188.45362   -0.17540    0.00087
2452188.46003   -0.17597    0.00091
2452188.46572   -0.16297    0.00095
2452188.47212   -0.15185    0.00083
2452188.47852   -0.14668    0.00091
2452188.48423   -0.15221    0.00090
2452188.49064   -0.08011    0.00097
2452188.49706   -0.17461    0.00086
2452188.50276   -0.19678    0.00080
2452188.50918   -0.21922    0.00073
2452188.51557   -0.22554    0.00082
2452188.52198   -0.20724    0.00077
2452188.52840   -0.17216    0.00103
2452188.53408   -0.14193    0.00105
2452188.54048   -0.13405    0.00086
2452188.54689   -0.14315    0.00100
2452188.55257   -0.16297    0.00092
2452188.55898   -0.19840    0.00091
2452188.56537   -0.17026    0.00111
2452188.57106   -0.15944    0.00107
2452188.57748   -0.17308    0.00101
2452188.58388   -0.13988    0.00112
2452188.58744   -0.18220    0.00230
