2452205.32675   -0.09490    0.00190
2452205.33046   -0.05672    0.00106
2452205.33606   -0.09012    0.00106
2452205.34246   -0.07504    0.00084
2452205.34885   -0.07256    0.00092
2452205.35453   -0.07810    0.00095
2452205.36092   -0.06540    0.00079
2452205.36732   -0.06539    0.00081
2452205.37299   -0.07609    0.00086
2452205.37928   -0.07337    0.00078
2452205.38558   -0.06463    0.00085
2452205.39185   -0.07653    0.00081
2452205.39816   -0.06747    0.00095
2452205.40445   -0.05612    0.00088
2452205.41078   -0.04864    0.00119
2452205.41637   -0.05497    0.00121
2452205.42267   -0.06604    0.00099
2452205.42897   -0.04893    0.00106
2452205.43528   -0.05087    0.00097
2452205.44158   -0.05387    0.00122
2452205.44787   -0.05018    0.00099
2452205.45417   -0.04717    0.00109
2452205.46046   -0.05168    0.00092
2452205.46673   -0.04740    0.00121
2452205.47234   -0.03856    0.00110
2452205.47863   -0.02852    0.00123
2452205.48492   -0.01898    0.00120
2452205.49122   -0.02533    0.00101
2452205.49755   -0.03736    0.00118
2452205.50383   -0.03771    0.00088
2452205.51010   -0.04030    0.00097
2452205.51567   -0.02615    0.00111
2452205.52195   -0.00162    0.00109
2452205.52825   -0.01048    0.00115
2452205.53455   -0.00467    0.00110
2452205.54087    0.01901    0.00125
